111 ’ 11111111 ’

811 11 1111111111.
811 11 111111.
911 11 1111111111.

11 010 101 10111111111111111111 11 11111111 11 11111111
1111 110110111011111111111111 111 DEORUM 011110.
1111 11111111011111111111 1111111111 1111111111 1111111111
1111 11111 1111111111 11111111 1111111111 111.

1111 1111111 1111 11 1111111 1111111
111. 1 11111111, 1111111 111. 11.
11, . 11111111111101111 111 1111111111111111, 1111 1111111
11111 1111011111111111111111111111 10111111111.
11 1110111111.
111, 11 11111111.
· 11111 1111111 1111111 111111 111111.
111, 11 11111111.
111 11111 11111111111111111.
111 11111111 11 111111011111111111111 1111111111.
111 11 1011111111 11 111111 11111.
111 11111110 MAGIS 1111111111 10111111 11111.
111 1111111111.
111 1111111111 111111.
111 11 11111111.
1111111110.
11111 111111 111111.
111 111111 11111 111111 1111 1111.
030 1111111.
111 111111) 111111).
118 1111111 111111.
111 11111111 11111111 11 11111111111111 101 1111.
111 11 11111111111111111.
840 cUR AQUA IN 111111 1111111111 1111111111.
818 11 11111 11 1111110111.
111 11 11111 1111111111111.
. 18111 111111111111 11111.
... 11 111111 11111111.
111 11111111 11111111 11111.
... 11111 111 0111111111.
1000 PESTILENTIA 1111 1111111.
1111 11 1111111111 1111111111111. .
1111 1111111 1111
1111111111111
11111 11 11111111
11111111.

 

