OAPITULA. ’

4 4, 44 30 114043103 043 APHTARTON.

44 3433 4444444444. .

44 4444444444 4444444444,

101 31313 11030313.

113 113 431014.

444 444444 113 31313 44444.Δ

444 444444 411 44444444 44444444
444 0033034 44444 444 4444444444

444 113 44444.

333113 011033, 043033‚ 3313033, 1003.

303 444444 444444 44 433301. >

444 113 43330 44 444444 44 4444444.
33411313431.

444 113 44444444 44 4444. ·

444 444444 44 44444 4444 44444444 333034. ·
430 33331431 343113401 444444 4444 4444444.

444 30311111113333.

444 00333413431303 444 444444.

444 1131103313431134‚ AQUA‚ 4333, 313 0333313.
333 444444 4444444444. μ

103330113 444444 444444 4334 330113 44444444 4444444444
444 444444 4444444444.

330 003334 4444444444.

444 44 343 431303: 30 444 444444444444 40301130111.
4444 13 30 444444 4 33034.

4444 4444444 0431 113 44444 444444
44444 4 44444444,
4444444 44444 4444444444
1 11, 14 343003 44444444 0434333144.

33 113 110311 33130131031111, 44 13313134 4444.

33 IMUM 311113 4444

444 44444 44 44444 3411113 433433433

143 113 03333134331103113.

133 44444 31133111433331 4444444444444,

444) 444444 4 34111013113331133333 0033034.

331 113 0313431033 1003113.

333 113 313334 4444444444.

33311331111133.

333 444 0330.

333113143333.

400 444 4444444444,

403 444 333343 333111033.

444 1134114114333, 33330‚313103‚ 4333.

434 444 4444444 34330.

 

